0.2667,-0.0938649,2.07817
0.243477,-0.356289,1.18214
0.237281,-0.358544,1.18886
0.255724,-0.467689,1.65527
0.231966,-0.415218,1.46097
0.233372,-0.296328,1.29047
0.313202,-0.0930072,0.423168
-0.552741,-0.469109,0.673199
-0.221509,-0.460096,0.967778
-0.233275,-0.421342,0.922902
-0.248399,-0.529349,1.17279
-0.220534,-0.455907,1.00752
-0.220003,-0.396566,0.823004
-0.280221,-0.44752,0.970225
-0.249843,-0.433111,0.946309
-0.318826,-0.443027,0.942715
-0.130607,-0.483801,0.783611
-0.190598,-0.475439,0.761337
-0.197775,-0.486373,0.830705
-0.39169,-0.0192058,0.56769
-0.371611,-0.211944,0.531819
-0.35667,-0.184566,0.507576
-0.450841,-0.253894,0.797637
-0.374971,-0.190293,0.590476
-0.343656,-0.178349,0.545676
-0.389169,-0.186734,0.59529
-0.501462,-0.243866,0.776886
-0.354893,-0.245392,0.634182
-0.380654,-0.220105,0.562784
-0.395835,-0.287704,0.763722
-0.487121,-0.245653,0.979852
-0.393101,-0.326679,1.01272
-0.484701,-0.409001,1.23977
-0.217504,-0.354098,1.19427
-0.479986,-0.104407,1.24018
-0.527177,-0.0102061,1.20491
-0.470702,-0.281906,1.68233
-0.417701,-0.267563,1.50344
-0.482771,-0.166316,1.37339
-0.530182,-0.169557,1.45237
-0.485914,-0.0211998,2.12208
-0.373666,-0.0928058,0.382546
-0.348138,-0.0892069,0.356173
-0.370414,-0.142213,0.517812
-0.359491,-0.142766,0.506389
-0.433036,-0.291003,0.817263
-0.425143,-0.275101,0.805603
-0.482915,-0.339051,0.909361
-0.377535,-0.270845,0.709283
-0.497676,-0.232263,0.788121
-0.465334,-0.223721,0.735625
-0.43055,-0.202252,0.668632
-0.341071,-0.174547,0.529001
-0.328045,-0.170796,0.505775
-0.428597,-0.239836,0.735702
-0.434758,-0.240119,0.732499
-0.399671,-0.236339,0.704935
-0.455155,-0.251041,0.782784
-0.335588,-0.177221,0.47686
-0.319851,-0.162992,0.457942
-0.354993,-0.194086,0.510046
-0.314723,-0.172515,0.445743
-0.321518,-0.0205394,0.370012
-0.523149,-0.0389991,0.897202
-0.321256,-0.0643786,0.380512
-0.20497,-0.401219,0.629114
-0.206602,-0.414019,0.654121
-0.177669,-0.438153,0.735945
-0.152965,-0.621315,1.01441
-0.303366,-0.437332,0.935461
-0.341186,-0.453198,1.01376
-0.432591,-0.565391,1.24678
-0.293935,-0.408985,0.917928
-0.348939,-0.539247,1.16097
-0.350228,-0.39823,1.0728
-0.36171,-0.423965,1.13056
-0.284846,-0.463871,0.854146
-0.26708,-0.445299,0.784171
-0.289721,-0.468903,1.23306
-0.223574,-0.419738,1.06877
-0.287703,-0.516651,1.31841
-0.243958,-0.460704,0.960825
-0.303122,-0.295209,0.430533
-0.337549,-0.252444,0.523857
-0.321302,-0.233099,0.46892
-0.40512,-0.242867,0.602622
-0.338699,-0.202091,0.475939
-0.340248,-0.200595,0.485144
-0.287758,-0.238638,0.415111
-0.334095,-0.281578,0.493543
0.376564,-0.0186055,0.620255
0.251115,-0.305959,1.39193
0.214385,-0.247606,1.09588
0.269927,-0.297853,1.59413
0.280392,-0.280569,1.3089
0.246346,-0.265719,1.27676
0.29022,-0.323946,1.55502
0.250844,-0.424026,1.52293
0.332574,-0.219729,1.50236
0.313977,-0.216091,1.4176
0.191585,-0.399793,0.97143
0.210976,-0.469739,1.13258
0.118981,-0.485643,1.16264
0.108449,-0.444521,1.03505
0.104646,-0.44702,1.12236
0.150334,-0.526618,1.00918
0.202141,-0.472201,0.846724
0.130675,-0.309056,0.545807
0.19468,-0.482718,0.854831
0.0963376,-0.219127,0.391788
0.164577,-0.407761,0.730803
0.160946,-0.367263,0.788965
0.195043,-0.479547,1.02214
0.167816,-0.432147,0.86239
0.0586398,-0.562612,1.07237
-0.474078,0.182218,1.04019
-0.320155,-0.24312,0.6009
-0.355974,-0.225456,0.529077
-0.282088,-0.454437,0.826882
-0.377736,-0.494383,1.2791
0.234424,-0.351133,1.46595
-0.31435,-0.471689,1.23206
-0.400574,-0.151397,0.485001
-0.420589,0.00220214,1.50233
-0.0999358,0.173857,1.57994
-0.117579,0.180597,1.64605
-0.0172577,0.185289,1.67944
-0.0241374,0.199405,1.95317
-0.115364,0.221402,1.44324
-0.152239,0.323996,1.89979
-0.112919,0.190801,1.25487
-0.333067,0.0994761,1.76226
-0.481876,0.312015,1.23268
0.642395,0.0765504,1.8941
0.319621,0.0361608,0.948769
0.348286,0.0342665,1.10606
0.59563,0.0511541,1.89612
0.418219,0.0750863,1.32679
0.42721,0.0601132,1.31956
0.33101,0.0320932,1.00162
0.55258,0.047953,1.61952
0.275921,0.00535858,0.378388
0.337493,0.0878443,0.6385
-0.397693,0.269536,1.03459
-0.364841,0.198714,0.712821
-0.10945,0.242197,1.52757
-0.342877,0.00368435,1.18728
-0.22866,0.276307,0.415482
-0.181151,0.340752,0.49432
-0.200019,0.325364,0.54752
-0.168331,0.326034,0.459602
0.193472,-0.491706,0.996327
0.205506,-0.387045,0.817056
0.159181,-0.445397,0.816711
0.170595,-0.429688,0.813592
0.154322,-0.412027,0.777248
0.152194,-0.641806,1.6726
0.120354,-0.471042,1.21135
0.153467,-0.503698,1.26653
0.00250771,-0.42098,1.07954
0.218333,-0.441422,1.1106
0.267027,-0.434975,1.10059
0.248869,-0.417965,1.03296
0.207297,-0.448592,1.06018
0.248091,-0.442135,1.04466
9.16225e-05,-0.475788,0.798256
0.290857,-0.206754,1.28768
0.302112,-0.226351,1.30999
0.266577,-0.23299,1.66171
0.301629,-0.271536,1.83657
0.290066,-0.485652,1.6503
0.205143,-0.378054,1.27243
0.242867,-0.406555,1.34559
0.308452,-0.300908,1.47002
0.429349,-0.388682,1.83858
0.28879,-0.304071,1.66544
0.284429,-0.31859,1.27111
0.318744,-0.364872,1.36816
0.350159,-0.387677,1.71697
0.313631,-0.299507,1.34215
0.294828,-0.304719,1.36007
0.214335,-0.338292,1.37487
0.254354,-0.373453,1.43631
0.263313,-0.362887,1.60948
-0.28694,-0.23484,0.432667
-0.324772,-0.197406,0.446189
-0.396096,-0.293574,0.741581
-0.382977,-0.27874,0.687823
-0.300643,-0.286662,0.414088
-0.267003,-0.455872,1.20323
-0.265212,-0.524294,1.15393
-0.280585,-0.628912,1.39702
-0.257398,-0.453401,0.937391
-0.312951,-0.511055,0.963354
-0.2657,-0.444135,0.800736
-0.39541,-0.299075,0.763514
-0.436283,-0.337562,0.840608
-0.407304,-0.572075,1.42783
-0.355631,-0.469875,1.16266
-0.207821,-0.30302,0.758482
-0.364059,-0.439799,1.18085
-0.398728,-0.501217,1.28918
-0.416711,-0.488572,1.24466
-0.342078,-0.433188,1.07003
-0.405952,-0.49016,1.25689
-0.301362,-0.421788,0.996505
-0.103981,-0.450834,0.735215
-0.183629,-0.486158,0.83681
-0.157757,-0.447636,0.75516
-0.165781,-0.455853,0.768181
-0.140667,-0.511454,0.820284
-0.238035,-0.450597,0.736303
-0.265665,-0.498676,0.801762
-0.380408,-0.0707263,0.546312
-0.426359,-0.0873945,0.611546
-0.348184,-0.066087,0.412829
-0.458695,-0.0190881,0.725626
-0.517714,-0.0390682,0.856043
-1.57165,-0.242856,1.4164
-0.339738,-0.0532137,0.375457
-0.344471,-0.0571049,0.380306
-0.352017,-0.0649908,0.383651
-0.34201,-0.186764,0.479748
-0.419256,-0.214975,0.724103
-0.476055,-0.259036,0.847917
-0.357035,-0.177014,0.544757
-0.489468,-0.333768,0.932568
-0.395454,-0.214156,0.605289
-0.320792,-0.0885827,0.380595
-0.90636,-0.2957,0.863882
-0.90206,-0.296547,0.852254
-0.365987,-0.0968488,0.374199
-0.346375,-0.142578,1.58484
-0.50803,-0.168456,1.36581
-0.421958,-0.161133,1.40515
-0.506878,-0.215381,1.68453
-0.405697,-0.196441,1.49975
-0.532769,-0.206815,1.57463
-0.466462,-0.17485,1.51828
-0.568592,-0.207461,1.72647
-0.521824,-0.205269,1.65089
-0.54426,-0.16605,1.53904
-0.471594,-0.104754,1.24065
-0.360352,-0.0385995,0.760552
-0.249538,-0.45128,1.55147
-0.278858,-0.506244,1.52366
-0.223555,-0.402584,1.12067
-0.237457,-0.380396,1.50439
-0.291449,-0.479984,1.89028
-0.427502,-0.295652,0.827037
-0.552448,-0.268729,1.10209
-0.302967,-0.253093,0.957289
-0.410345,-0.270142,0.796987
-0.366739,-0.291657,0.812649
-0.454278,-0.290936,0.879731
-0.336197,-0.293831,1.60415
-0.334066,-0.292945,1.51744
-0.586193,-0.030589,1.17712
-0.463199,-0.156038,1.49761
-0.461376,-0.159099,1.53656
-0.593792,-0.173552,1.58828
-0.442409,-0.12457,2.19289
-0.364144,-0.186578,1.54364
-0.200466,-0.135899,1.34053
-0.409434,-0.117127,0.409113
-0.55475,-0.17915,0.543614
-0.58949,-0.208213,0.576388
-0.341342,-0.128697,0.481935
-0.415422,-0.248574,0.645309
-0.438678,-0.26682,0.780136
-0.313333,-0.0151714,0.345225
-0.337796,-0.0790555,0.390753
-0.305872,-0.0658789,0.335128
-0.371149,-0.00966758,0.504692
-0.245176,-0.518193,0.862163
-0.0739243,-0.445261,0.732993
-0.158124,-0.43688,0.694379
-0.204797,-0.520898,0.823573
-0.131132,-0.40167,0.653138
-0.323702,-0.407667,0.9039
-0.435635,-0.485594,1.2326
-0.361311,-0.354383,0.919849
-0.346795,-0.351813,0.845279
-0.250764,-0.414843,0.86226
-0.233315,-0.444105,1.07578
0.18727,-0.352438,1.14456
0.140613,-0.322112,1.85587
0.50213,0.0477571,1.65282
-0.155592,0.277787,1.85324
-0.200496,0.33418,0.554958
0.0236475,-0.532373,1.37979
0.022915,-0.479011,1.05958
0.143517,-0.458397,1.0086
0.0337173,-0.00908982,0.205008
-0.312903,-0.567723,1.37279
-0.245186,-0.444272,1.17444
-0.228752,-0.532106,1.13158
-0.401123,-0.397568,0.527815
-0.398763,-0.315894,0.698085
-0.304946,-0.193035,0.444172
-0.367044,-0.274285,0.664705
-0.294267,-0.239122,0.448789
0.336382,-0.0313832,0.551109
0.18964,-0.378005,1.58503
0.236898,-0.279229,1.41443
0.0909292,-0.48176,1.9172
0.151122,-0.405325,1.15752
0.172857,-0.351957,1.14655
0.302687,-0.343563,1.26435
0.333897,-0.150039,1.62253
0.277189,-0.187656,1.51259
0.196804,-0.453108,1.06529
0.184776,-0.523289,1.38349
0.18381,-0.404767,1.02652
0.282135,-0.482475,1.27165
0.0994913,-0.728512,1.89199
0.161624,-0.479272,0.880804
0.0452912,-0.502481,0.941193
-0.187408,0.322085,0.447299
-0.175453,0.316276,0.480262
-0.18345,0.313363,0.480077
-0.20058,0.257918,0.390223
-0.215396,0.258708,0.384621
-0.456887,0.16314,1.04277
-0.154382,0.194601,1.9346
-0.480377,0.271624,1.02036
-0.427239,0.232217,0.939369
0.351918,0.0864088,0.623322
0.388617,0.0769086,0.683281
0.338657,0.109078,2.3782
0.09642,0.0680347,0.982517
0.465341,0.0348618,1.55374
0.53813,0.0281909,1.85232
0.486987,0.023327,1.60339
0.357044,0.0780781,1.14882
0.344665,0.0819723,1.15011
0.0274948,0.00930237,0.146751
0.396337,0.104375,0.739159
-0.543381,0.0552679,1.06359
-0.411574,0.266614,1.12116
-0.258933,0.101955,1.73131
-0.288053,0.0114208,1.22597
-0.254144,0.153501,2.3861
-0.3301,0.243567,0.532889
-0.166204,0.315409,0.518436
0.159193,-0.150227,1.65929
0.13509,-0.514228,1.45886
0.0209785,-0.437192,1.25404
0.255907,-0.47338,1.3268
-0.320397,-0.17168,0.368292
-0.312408,-0.180887,0.368601
-0.147998,-0.533051,0.957774
-0.234877,-0.557981,1.4994
-0.244089,-0.372006,0.57454
-0.337237,-0.0797783,0.364346
-0.558973,-0.206281,1.50073
-0.445433,-0.360581,1.1494
-0.264378,-0.311275,0.403295
0.293929,-0.281457,1.20047
0.345282,-0.0698568,1.06583
0.194168,-0.4166,0.740468
-0.351858,0.263458,0.68383
-0.202071,0.288222,0.389921
-0.324302,0.12237,0.382662
-0.0102704,-0.00578608,0.0104618
-0.35454,-0.0592365,0.391713
-0.262988,-0.251191,0.38559
-0.32354,-0.0512482,0.35776
-0.337633,-0.00465814,0.362042
-0.273723,-0.246285,0.407128
-0.296419,-0.294397,0.433802
-0.296954,-0.183907,0.418836
-0.296783,-0.255517,0.416318
-0.303572,-0.280779,0.43126
-0.313448,-0.18116,0.370108
-0.277399,-0.250148,0.414716
-0.246414,-0.244141,0.358643
-0.302693,0.124375,0.389162
-0.167931,-0.321759,0.504304
-0.363284,-0.0936959,0.37183
-0.220454,0.249804,0.356357
0.225334,0.00427629,0.314139
-0.292594,-0.229421,0.411192
0.280773,0.0600837,0.375825
0.296424,0.0610692,0.412589
-0.0422889,0.0118098,0.223317
0.118255,0.281574,0.426911
-0.0484294,0.0140189,0.255376
-0.0683739,-0.255385,0.460222
-0.401743,0.00191357,0.40454
-0.198362,-0.332259,0.490196
-0.285081,-0.227589,0.415793
-0.294649,0.117442,0.349477
-0.294621,-0.208273,0.420755
-0.287093,-0.235899,0.433611
-0.305554,-0.240202,0.429325
-0.0562614,0.0171544,0.309315
0.2505,0.0489733,0.333988
0.291782,0.00844132,0.405712
0.265188,0.0380808,0.349133
0.268713,0.0503577,0.377162
-0.21734,0.292011,0.444539
-0.227475,0.292933,0.444554
-0.177233,0.302391,0.463106
-0.285685,-0.223073,0.412088
-0.295253,-0.235724,0.431332
-0.263124,-0.226832,0.367916
-0.294249,-0.265988,0.420712
-0.0177413,-0.0116424,0.016935
-0.165943,-0.263997,0.475949
-0.328649,-0.0600888,0.471156
-0.327259,-0.0586033,0.361431
-0.340793,-0.0642086,0.374337
-0.39848,-0.151236,0.481948
-0.321322,-0.0821654,0.381167
-0.329006,-0.0873907,0.389496
-0.315958,-0.112795,0.377418
-0.299685,-0.0203793,0.336053
-0.290479,-0.0144348,0.299861
-0.345884,-0.0472017,0.383067
-0.358726,-0.0563039,0.426753
-0.163445,0.3162,0.447952
-0.185023,0.349084,0.505366
-0.178907,0.322942,0.489473
-0.296512,0.120904,0.380037
-0.0102496,-0.00577711,0.0104534
-0.270083,-0.317644,0.412213
0.32024,-0.0414475,0.435022
-0.187075,0.320801,0.446819
0.278488,-0.0924427,0.385416
-0.289143,-0.209445,0.419245
-0.309245,-0.163884,0.551234
-0.313522,-0.05693,0.346033
-0.34807,-0.0651214,0.377521
-0.288994,-0.281787,0.409127
0.273802,0.0580965,0.385663
-0.218733,-0.195278,0.322449
0.236424,0.0500883,0.335026
0.269067,0.00527454,0.369937
-0.229702,0.308944,0.471305
-0.23824,0.306483,0.466511
-0.181123,0.308935,0.473183
-0.172344,0.334361,0.474041
-0.167706,0.315137,0.453591
0.00313769,-0.22043,0.562339
-0.282284,-0.229775,0.429883
-0.295044,-0.230593,0.426332
-0.295015,-0.256045,0.415362
-0.32693,-0.00902457,0.444846
-0.18075,-0.0052446,0.237189
-0.328598,-0.0524598,0.365405
-0.353671,-0.0640711,0.392496
-0.330388,-0.0658848,0.390571
-0.307631,-0.00405851,0.330752
-0.325418,-0.00346811,0.342146
-0.229673,-0.110228,0.349822
-0.328466,-0.0815672,0.388743
-0.048452,-0.0157584,0.137269
-0.178346,-0.278508,0.498003
-0.199531,0.33562,0.505065
-0.217692,0.262272,0.390918
0.28573,0.029263,0.38757
-0.23879,0.257898,0.360003
-0.263646,0.29935,0.384415
-0.285919,-0.224575,0.400929
-0.28304,-0.226485,0.400919
-0.302971,-0.21478,0.43465
-0.315566,-0.182457,0.372766
-0.308268,-0.16018,0.4365
-0.278802,-0.273329,0.406343
-0.27572,-0.227097,0.394031
-0.195958,0.352632,0.532877
0.131096,-0.029436,0.600785
-0.276336,-0.217919,0.388148
-0.351953,-0.00303116,0.369186
-0.296842,-0.0781147,0.349794
-0.349621,-0.0186743,0.364139
-0.313606,-0.068068,0.343735
-0.266483,-0.239924,0.394496
-0.250285,-0.240199,0.366143
-0.199486,0.268276,0.409336
-0.228502,0.275813,0.393549
-0.213452,0.242342,0.343945
-0.218466,0.263776,0.392883
-0.206017,0.335709,0.512688
-0.305849,-0.176541,0.361388
-0.0102553,-0.00578033,0.010439
-0.195853,0.220973,0.313777
-0.307961,-0.224421,0.444918
-0.184726,0.322394,0.490197
-0.286284,-0.148265,0.40455
-0.329514,-0.0955849,0.341824
-0.302258,-0.0656255,0.330859
-0.29744,-0.0476622,0.330075
-0.226028,-0.0187013,0.374629
-0.280372,-0.230741,0.400451
0.129223,-0.00972546,0.231079
-0.186814,0.362016,0.517516
-0.1837,0.337184,0.497799
-0.200532,0.319457,0.492395
0.297922,0.0631954,0.401756
-0.299051,0.323605,0.451321
0.230456,0.00308784,0.324133
-0.29828,-0.172453,0.352371
-0.395039,-0.078928,0.467083
-0.298275,-0.22417,0.456548
-0.180799,-0.260742,0.388921
0.227426,0.0474903,0.32386
0.295931,0.0629863,0.398891
-0.151774,0.241612,0.370274
-0.287688,-0.230316,0.407137
-0.293405,-0.177063,0.406781
-0.350482,-0.0605826,0.38985
-0.300255,-0.00357822,0.314262
-0.339356,-0.00651706,0.368678
-0.293165,-0.0667116,0.321035
-0.304038,-0.188287,0.462863
0.305024,0.0313921,0.414089
0.203599,0.0367781,0.274989
-0.213804,0.282851,0.439511
-0.178072,0.310349,0.469182
-0.178578,-0.341133,0.539985
-0.322316,-0.186335,0.383241
-0.270768,0.219153,0.472475
-0.351985,0.00135338,0.351867
-0.254332,0.0981816,0.302764
-0.260355,0.096101,0.562945
-0.344155,0.137304,0.437928
-0.282401,0.11117,0.354945
-0.292303,-0.175121,0.411954
-0.356828,-0.211631,0.505851
-0.226754,-0.0739088,0.211079
-0.262171,-0.229227,0.370343
0.211677,0.0447092,0.299442
-0.165826,0.28687,0.441103
-0.296577,-0.217882,0.432695
-0.318429,-0.0107498,0.4389
-0.210171,-0.199361,0.488949
-0.334671,-0.0795301,0.36933
-0.330538,-0.0962158,0.342614
-0.274031,-0.266702,0.396044
-0.305013,-0.176545,0.362053
0.152811,-0.0105271,0.261651
0.0769967,-0.0173702,0.523426
-0.307709,-0.100367,0.288916
-0.306355,-0.0621904,0.342008
-0.415876,-0.12206,0.429278
-0.234361,-0.220636,0.321173
-0.238703,-0.186722,0.345049
-0.274003,-0.192579,0.381284
-0.24072,-0.195074,0.344641
-0.329984,-0.0804606,0.361302
-0.268524,-0.237583,0.379998
-0.145827,-0.279386,0.441639
0.0429458,-0.24503,0.623995
-0.329849,-0.169367,0.57704
0.0376848,-0.21487,0.543219
-0.0906924,-0.0263127,0.606915
0.269362,0.0648624,0.505522
-0.180755,0.334817,0.494927
-0.293824,-0.184192,0.449917
0.128571,0.0308883,0.241291
0.285455,0.0515837,0.379202
0.159517,0.0184459,0.50116
-0.145573,0.284716,0.404771
-0.311032,-0.166689,0.356842
-0.282382,-0.268702,0.389195
-0.289829,0.208091,0.468172
0.106881,-0.0280137,0.706521
-0.231693,-0.225679,0.334284
-0.18611,0.305449,0.476652
0.136006,-0.162608,0.594319
0.297086,0.0316476,0.381385
0.298217,0.0643633,0.563765
0.012779,-0.175734,0.330379
-0.351174,-0.0702927,0.416321
-0.318256,-0.195868,0.43754
0.249815,0.047508,0.352503
-0.0104246,-0.00695444,0.00970746
-0.328746,-0.00700388,0.356605
-0.282883,-0.0836532,0.291631
-0.026584,-0.116515,0.189455
-0.283988,-0.228667,0.403715
-0.297216,-0.116653,0.354261
-0.385619,0.00283153,0.386203
-0.287457,-0.180259,0.391499
-0.295198,-0.207915,0.421717
-0.0664691,0.00622987,0.212699
-0.00225885,0.034965,0.569156
0.309792,0.033966,0.396397
-0.0314042,0.0199902,0.537225
-0.245533,-0.220366,0.358721
-0.303965,-0.00596672,0.328579
-0.377133,-0.00735025,0.401313
-0.326909,-0.169554,0.472725
-0.303184,-0.0763104,0.357728
-0.018203,-0.00655226,0.0218149
-0.26315,-0.219869,0.392775
-0.0187426,-0.0073672,0.0223419
-0.334685,-0.0833182,0.341445
0.227463,0.161409,0.457557
-0.314026,-0.164587,0.455472
0.300978,-0.0897071,0.407593
-0.271965,-0.201859,0.41632
-0.229354,-0.219743,0.319253
-0.283767,-0.230343,0.432126
-0.0104239,-0.00696038,0.00970784
-0.244589,0.179295,0.46886
-0.275868,-0.324335,0.420597
0.144812,0.317895,0.501018
-0.361627,-0.0860272,0.390526
-0.0827801,-0.347837,0.564416
-0.267347,-0.239375,0.390456
-0.201721,-0.33944,0.486778
-0.307751,-0.0487715,0.340253
-0.224284,-0.218036,0.322707
-0.150799,-0.201565,0.520425
0.175714,0.015262,0.517968
-0.199974,0.32938,0.513996
-0.330593,0.125663,0.395446
-0.212507,-0.348665,0.606163
-0.0926427,-0.244702,0.41224
-0.274738,-0.22896,0.409931
-0.245936,-0.220502,0.359379
-0.0174654,-0.00551077,0.0208956
-0.373994,-0.074881,0.440912
-0.111313,-0.321156,0.543242
0.18903,-0.0102705,0.313336
-0.320487,0.260303,0.557123
0.282034,-0.0153697,0.467485
-0.31095,-0.0819707,0.330235
